0 -0.4765699814515818 -0.47657586698717563
1 -0.314202286612583 -0.47657225539877296
2 -0.23301821268055833 -0.47657180165911234
3 -0.15184568940871307 -0.4765731587691729
4 -0.07066278786682612 -0.4765727813446325
5 0.010535744020899296 -0.476571921091461
6 0.09169019435914316 -0.476570875733538
7 0.17284674171061298 -0.47657042900738067
8 0.25400375413213516 -0.47657101824494547
9 0.33516373732363325 -0.4765705919290064
10 0.4163243225639002 -0.4765709653386221
11 -0.3953734512157932 -0.47657164038142186
12 0.47351961025828915 -0.4714129726281485
13 -0.03006358872006082 -0.45317722920760134
14 0.1322676942319302 -0.4531377933810977
15 0.05111217804006851 -0.45313668090496
16 0.21342534823235781 -0.45313765722604826
17 0.3757437175361864 -0.4531424794856324
18 -0.4359722742000865 -0.45317495503044836
19 -0.35478807942228363 -0.4531532420161781
20 0.2945841561013798 -0.4531404106892854
21 -0.2736101989050922 -0.4531601729010784
22 -0.11125377186402363 -0.4531632876647718
23 -0.1924313546444758 -0.4531549942119149
24 0.4359921271732988 -0.4340414586369836
25 0.09168920923487267 -0.4297037197442661
26 -0.07066999095216991 -0.4297178551268298
27 0.010528587332091166 -0.42971380088137784
28 0.1728464032552518 -0.42970551740135554
29 -0.4765711820996397 -0.4297262602732327
30 0.2540054659358766 -0.42970789999997283
31 0.33516532267115484 -0.42971166044327325
32 -0.39537783359401035 -0.4297162604501951
33 -0.3142080381090211 -0.42971552677195957
34 -0.2330251857180805 -0.42971674728064707
35 -0.15184962644222283 -0.42971813954867255
36 0.39541268007657715 -0.4106120284407473
37 0.47657192963841477 -0.4106120918757532
38 -0.03007139445203255 -0.40631934578425316
39 0.05110560944664777 -0.4062788871927907
40 0.13226740466781106 -0.4062714874017755
41 -0.43597767637873663 -0.4063155073549559
42 0.2945871160594986 -0.4062799965090296
43 0.21342664005575718 -0.40627665950964
44 -0.3547934125597413 -0.40629626675135033
45 -0.2736167436420059 -0.40630166734350986
46 -0.19243602326382275 -0.40629716616257716
47 -0.11125969524176693 -0.40630665341211036
48 0.35483502621736474 -0.3871821015951148
49 0.43599270294529013 -0.38718173815939017
50 -0.07067493287982723 -0.38286292819993534
51 0.010521258790336607 -0.3828573672159965
52 0.09168301918452937 -0.38284583078286377
53 0.17284766916886407 -0.3828441862434711
54 -0.4765593445329107 -0.38287799711373016
55 0.2540084280671503 -0.38284964287875867
56 -0.31420752672691493 -0.38285880019876045
57 -0.23302973054458304 -0.3828603512479124
58 -0.1518561670769874 -0.3828634778818533
59 -0.3953803241272363 -0.38286088039692007
60 0.3142567524004186 -0.36375123697139755
61 0.39541466298858263 -0.36375188063560304
62 0.47657140635631956 -0.3637488524941444
63 -0.030078897542274496 -0.3594628391472721
64 0.05110129303742894 -0.35942077601258904
65 -0.4359752148602168 -0.3594570693487368
66 0.13226179968456309 -0.3594131645415664
67 0.21342902499893346 -0.35941838131949355
68 -0.2736217841112465 -0.35944217335271467
69 -0.1924429740812762 -0.35944042707536306
70 -0.11126658508065168 -0.35944873800967553
71 -0.3547956404353966 -0.3594391312029092
72 0.2736788973444857 -0.3403203756439153
73 0.43599192894301275 -0.34031682870446933
74 0.35483517739633874 -0.34031992234736475
75 0.0105160797135736 -0.3359990908755617
76 -0.07068053212485886 -0.3360068801877599
77 0.0916775008616525 -0.3359843903292208
78 -0.4765735214443927 -0.3360283915810311
79 0.17284314942444134 -0.3359862476308215
80 -0.23304686502160055 -0.33600529940125146
81 -0.15186265922241754 -0.3360074109852098
82 -0.3142155426947443 -0.3360027307352171
83 -0.3953815338218599 -0.3360049235246846
84 0.23310021160718075 -0.3168889412034471
85 0.47657004627861754 -0.31688133735594154
86 0.31425748270116083 -0.31688953135463915
87 0.39541346697316304 -0.31688552812452675
88 -0.030085077614551203 -0.31260580160943796
89 -0.4359765462972749 -0.31259977218418383
90 0.0510926930003095 -0.31256264169243503
91 0.1322585874426423 -0.3125536174534359
92 -0.1924626273496523 -0.312582984305287
93 -0.11127565512519216 -0.31259149030078404
94 -0.27363328356868655 -0.3125804663819421
95 -0.35479964193773217 -0.3125813277414449
96 0.1925210599098034 -0.2934610031009498
97 0.2736793021734729 -0.2934582684512402
98 0.4359897486542277 -0.2934499512157008
99 0.35483309109447503 -0.2934545993422911
100 0.010493972869398793 -0.28914211343331886
101 -0.07070231554001377 -0.28915218123503095
102 -0.4765692792199081 -0.2891801231490222
103 0.09166991778013156 -0.2891241298157706
104 -0.1518837838460052 -0.28915308883031604
105 -0.23305601282224636 -0.2891483060620416
106 -0.3142191095686056 -0.28914627559005357
107 -0.3953819516622849 -0.28915031047873424
108 0.1519431795097802 -0.27003086304630336
109 0.4765711763041419 -0.2700196030273021
110 0.2331007703915664 -0.2700295404675499
111 0.3954103306438095 -0.27001861652342923
112 0.314254789526215 -0.2700227678101197
113 -0.030107617842392187 -0.2657493214633867
114 -0.4359735009717148 -0.2657419049177145
115 0.051069783896702026 -0.2657037664492201
116 -0.1112983649330277 -0.2657342579632215
117 -0.19247377153131 -0.2657265412266547
118 -0.27363676864171865 -0.2657234669720616
119 -0.3548016966020747 -0.26572441001064095
120 0.11136320153235069 -0.24660434673369808
121 0.19252244964685106 -0.24660096103294976
122 0.3548300285938505 -0.2465869094304251
123 0.2736753887040163 -0.24659257646271127
124 0.4359906408407067 -0.24658906217058268
125 0.010470036955799178 -0.24228406533409008
126 -0.07072537997400302 -0.24229593237539387
127 -0.47657027650445266 -0.2423305152601542
128 -0.1518963914351376 -0.24229740671899352
129 -0.23305735934894284 -0.24229332746570065
130 -0.3142165626055714 -0.2422910289607833
131 -0.39538105562927955 -0.24229446124489423
132 0.0707758441085764 -0.2231906044776797
133 0.47657030929880817 -0.2231605580576878
134 0.15194390743276198 -0.22317100596440193
135 0.3142502033627883 -0.22315572612826573
136 0.2330974870008904 -0.2231642390757385
137 0.3954106988843772 -0.2231583291245829
138 -0.030132339976286893 -0.21889366988403014
139 -0.4359732763828311 -0.21888670249141667
140 -0.11131261506448104 -0.21887750761531066
141 -0.19247621746686272 -0.2188702854653244
142 -0.27363652501826885 -0.21886611465397565
143 -0.3547990305162785 -0.2188679289698971
144 0.030188374248017125 -0.19977788801140178
145 0.11136838683602601 -0.1997402793098912
146 0.27367029034509627 -0.19972494169370703
147 0.1925203137836946 -0.19973266360471043
148 0.4359893715220837 -0.19972761514563775
149 0.3548314025722108 -0.19972703694728977
150 -0.07073951857607658 -0.1954421322560359
151 -0.4765740263645843 -0.1954822454967589
152 -0.15189758649781687 -0.19544154399778751
153 -0.23305102765843122 -0.1954352030591192
154 -0.31421490294593646 -0.19543465162451196
155 -0.3953766424782064 -0.1954394749473341
156 -0.010413283639689352 -0.17638873165040303
157 0.4765715583207679 -0.1763026604541874
158 0.2330916981612534 -0.17629172000041443
159 0.1519422999960004 -0.1763009346169475
160 0.39540898121272994 -0.17629674291481645
161 0.31424995692203417 -0.17629551954234873
162 0.07078014697229451 -0.17632960944577897
163 -0.4359663424406372 -0.1720308296358461
164 -0.11131930294940495 -0.17201650559329684
165 -0.19246943041307912 -0.17200309402397074
166 -0.2736308280341758 -0.17200992380697622
167 -0.35479648362550487 -0.17201192618113292
168 0.03019302571935012 -0.15291968180037474
169 -0.05099195237691806 -0.15295037032208725
170 0.19251398035863043 -0.15285830780011211
171 0.4359888931804877 -0.15286780783474596
172 0.35482857155795133 -0.15286261423296982
173 0.2736720131600846 -0.15286162628690647
174 0.11136578431112187 -0.1528716418360574
175 -0.4765712860926515 -0.14863263316014996
176 -0.15188958507910555 -0.14857346944410404
177 -0.2330505111765518 -0.1485790904224416
178 -0.3142085364345344 -0.14857954190191197
179 -0.395374332577465 -0.1485838519217978
180 -0.010409434271467066 -0.1295327368882439
181 0.4765712055031597 -0.12944463209043794
182 -0.09158205374893735 -0.1295213841078658
183 0.31424846836171927 -0.12942953008196417
184 0.23309145786109942 -0.12942827476139324
185 0.3954090099242038 -0.12943715421272523
186 0.1519388627874484 -0.12941954170654757
187 0.07077403590984788 -0.12946636816254448
188 -0.43596569415632475 -0.12517433786724907
189 -0.1924700386162021 -0.12514616031083187
190 -0.2736301032315337 -0.12515392505336237
191 -0.35478880742143293 -0.12515611478199834
192 0.03018482892895391 -0.10605994329407309
193 -0.051001988215538585 -0.1060952173515049
194 -0.1322201876044095 -0.1060430483639831
195 0.27366707398749 -0.10599390599236025
196 0.43598392985729084 -0.10599960663501201
197 0.3548302463040027 -0.1060045388595327
198 0.1925204918261214 -0.10598272471346526
199 0.1113618327168161 -0.1059887644503747
200 -0.47657578097714726 -0.10178436026153742
201 -0.2330527559057119 -0.10172333236674375
202 -0.3142117481036652 -0.10172506688425292
203 -0.3953681080784458 -0.10172884146286659
204 -0.010418995553324983 -0.08267688070044588
205 0.4765717460148503 -0.08258789820449325
206 -0.17280783483180157 -0.08261508597661371
207 0.39540255694748416 -0.08256689081249396
208 0.31424901762508783 -0.08257124490796225
209 -0.09161093488490468 -0.08266624055527061
210 0.23310204603102924 -0.08254025131679171
211 0.0707579009921322 -0.08260132790983515
212 0.15194826641155545 -0.08254048668155217
213 -0.43595633924990757 -0.07831975583693707
214 -0.2736332297367351 -0.07829825379196392
215 -0.35479152091023064 -0.0783002612547149
216 0.030163276570546405 -0.05919974362040448
217 -0.05103103637895495 -0.05924086367267234
218 0.4359827139243452 -0.05914015111510412
219 -0.21338962010903106 -0.05919148370971694
220 0.3548216274497955 -0.05913241119488999
221 0.27368597237704484 -0.05911408554497227
222 -0.13222935286842724 -0.05918548295017134
223 0.19252741885773217 -0.05910011964751
224 0.11136469861895348 -0.059115208782887396
225 -0.476571837126803 -0.05493473714985714
226 -0.31421540890589916 -0.05487003088299003
227 -0.3953703501620366 -0.054874762319464476
228 -0.010447432195355322 -0.03582203163958497
229 0.4765716822066275 -0.03573302506620302
230 -0.25397167948198784 -0.035768224171845164
231 0.39540166884385786 -0.03570913091790101
232 -0.09162025935026002 -0.03580972591019432
233 0.3142591544188015 -0.035670881317349246
234 -0.172815549815028 -0.035757823357758955
235 0.07075226037463134 -0.03574343490774928
236 0.23311354003343032 -0.035670344993381564
237 0.1519588208505026 -0.035652230395255
238 -0.4359580565474189 -0.03146400160869306
239 -0.35479408787557576 -0.0314440181733307
240 0.030156244837460378 -0.012340957468913172
241 -0.051039723540230564 -0.012385046370817221
242 0.43598136005827726 -0.012281440767509866
243 -0.2945498845666462 -0.012342594424790465
244 0.3548434565048407 -0.012244661021032222
245 -0.2133970786007517 -0.012335222396233358
246 0.27369099110064765 -0.01222040696187604
247 -0.13223686019728775 -0.012327982675226501
248 0.11136743902552637 -0.012241124868485276
249 0.19254685534347382 -0.012220118859379903
250 -0.4765757517089764 -0.00808645107877981
251 -0.3953775167722187 -0.008019845655653446
252 -0.010455464918841417 0.011032500961142722
253 0.4765727854320627 0.011122552916609796
254 -0.3351274708612759 0.011083160042377416
255 -0.09162697847267443 0.011044807795271616
256 0.3954245629307779 0.011186355131971637
257 -0.2539759565857345 0.01109061687170565
258 0.07074585488212115 0.011114862029651396
259 0.3142806440855459 0.011214500318649012
260 -0.1728283790710038 0.0111084037040029
261 0.1519681863418434 0.011212015037681877
262 0.2331228239672023 0.011230055633106306
263 -0.435963887492898 0.015389506356780824
264 0.030150173635300925 0.03451669758232634
265 -0.05104675668947223 0.034470053010377644
266 -0.37570780957114036 0.03450405003553747
267 0.4360274879509757 0.03460475776517158
268 -0.2945544872819113 0.03451678580869899
269 0.35487006724225445 0.03465502045228441
270 -0.213411464754781 0.034538356912147794
271 -0.13224800104937173 0.03453155078807868
272 0.1113755384032048 0.03462234053497304
273 0.2737126238870816 0.0346629507330285
274 0.1925438161485743 0.03466176102049334
275 -0.4765723354480528 0.03876318537311796
276 -0.010463494130934337 0.05788761947218768
277 -0.4162947516742483 0.05791522582340669
278 -0.09163555443559718 0.057900569325054385
279 -0.3351299703825849 0.05794552731961422
280 0.07074978253001885 0.057972062063742946
281 0.39547995717481665 0.05807963284402928
282 0.47657125359141006 0.058097641784486176
283 -0.25399027696334664 0.057968897007891984
284 -0.17283392247782314 0.057966536763032095
285 0.15195757764641782 0.05807826028919372
286 0.31429562221024165 0.05809211532047265
287 0.23314029250401191 0.05810504980456377
288 0.030149600162947765 0.0813753261120933
289 -0.05105616843308414 0.08132439687648296
290 -0.37571521415677 0.0813587553760341
291 -0.2945668673443028 0.08139891300881053
292 -0.21341381375047036 0.081396288907426
293 -0.13225515904428897 0.08138992259889644
294 0.4360202523506942 0.08157803995478141
295 0.11136299419570161 0.08148565935174823
296 0.3549075722114843 0.08151203420840936
297 0.19255813325290216 0.08152878752428327
298 0.2737303367500443 0.081542573423949
299 -0.4765744382668223 0.0856124508450048
300 -0.4326182628293129 0.1018340664730849
301 -0.010472279201729107 0.10474112621165976
302 -0.09164330409672355 0.1047560926829717
303 0.07073427618758377 0.10483039664165927
304 -0.33515344652080475 0.10481693004553816
305 -0.25399244657478337 0.10482977210112598
306 -0.1728352256885638 0.10482323769527746
307 0.47657133947004315 0.10505930954160847
308 0.15196670505828125 0.10493787647094321
309 0.23314589576368194 0.10496247970303585
310 0.39544503102159234 0.1050158404065814
311 0.3143634439000924 0.10499062058531172
312 -0.39204794254194264 0.12527270628225595
313 0.030137768076015647 0.12823131754916606
314 -0.051065304431233915 0.12818027543324806
315 -0.2945737856395877 0.12825740918158712
316 -0.13225477685882076 0.12824644082001724
317 -0.21341270467749218 0.12825613819194281
318 0.11137579981252965 0.12834844097155373
319 0.19256477255608107 0.12838676031383767
320 0.43599545838474607 0.12849871538028457
321 0.35489730117327845 0.12850016351412175
322 0.27377691907355306 0.12839852576618038
323 -0.47657491717159184 0.132463057529968
324 -0.43262509865183646 0.14869861832838627
325 -0.35149220060641895 0.14873310126819383
326 -0.010481900773334052 0.15159509533344195
327 -0.09164149239273289 0.15161125848223744
328 0.07074370159083598 0.1516867426995714
329 -0.25399303251499583 0.151687938969983
330 -0.17283523847789684 0.1516837659587138
331 0.15197472530417955 0.1517956214834736
332 0.23319729584845184 0.15181839072036263
333 0.3954463498252798 0.15198320549731903
334 0.3143071826045377 0.1519150993160977
335 0.47656978533045935 0.15194002591838285
336 -0.3920686700542748 0.1721598414756692
337 -0.31092291433908215 0.17217118662205322
338 0.030148108303642895 0.17508864869085172
339 -0.051061028839072764 0.17503520227901903
340 -0.1322510818042295 0.17510306758817273
341 -0.21341236619053133 0.17511845823705507
342 0.11139063216484935 0.17521707599073133
343 0.19261944833967015 0.17524401417229152
344 0.2737234212157672 0.1753421811135938
345 0.3548563742398255 0.17539950145811112
346 0.4360201086431843 0.17542492476398064
347 -0.4765716369776269 0.17931299099815168
348 -0.43263907411709746 0.19559682620819885
349 -0.2703477994737565 0.1955993086672012
350 -0.35149909096485354 0.19559821825598045
351 -0.010474727698059405 0.19844707726409005
352 -0.09163661624980834 0.19846629945121896
353 0.07075389677049493 0.19854303674529994
354 -0.17283048055033062 0.19854388069815265
355 0.1520333890155462 0.19865272195176664
356 0.23314301343016808 0.1987727751269548
357 0.31427318873706644 0.19882820781605715
358 0.39543016641543804 0.19884234960063474
359 0.4765702107630657 0.19890823254358359
360 -0.392069635019748 0.2190362783787082
361 -0.22977482001046268 0.2190272909146762
362 -0.31092431541420607 0.21902692616153585
363 0.03015975613717703 0.2219448240312074
364 -0.05104977159863172 0.2218893245030299
365 -0.13224258818170104 0.22196025653781393
366 0.111453030337204 0.222073672935024
367 0.1925529819251094 0.22218740759689426
368 0.27369250482274465 0.22225857893892587
369 0.35484892721515926 0.2222721109801089
370 0.4359821258093065 0.2223251040653158
371 -0.4765730569058802 0.22616555831450924
372 -0.1891983377679728 0.24245188836178055
373 -0.43264614930624734 0.24246350269137673
374 -0.3514948083102423 0.24246451019806248
375 -0.27034922928936317 0.24245673940421275
376 -0.010461693834838248 0.24530039462568676
377 -0.09162520662804452 0.2453221544174441
378 0.0708194770202557 0.2453995195408204
379 0.15197112138051172 0.24561452266422434
380 0.23310191127445745 0.2456754509022474
381 0.3142661531263895 0.24570121442087245
382 0.39540077705214083 0.2457549364532594
383 0.4765697766458513 0.24576804750736814
384 -0.14861615518172605 0.26586392240567536
385 -0.22977289766004766 0.26588387778307165
386 -0.3920594143072682 0.26591055157234367
387 -0.3109201524939645 0.26589366293977346
388 0.030228259368973665 0.26880164086526104
389 -0.05102899054065524 0.26874454070164233
390 0.11133930047227092 0.26896068219403935
391 0.19251724147364258 0.2691024485176742
392 0.27367728118811196 0.26911780558084564
393 0.35481754593482673 0.2691847025945241
394 0.4359828029204401 0.26919063355304085
395 -0.4765733256860237 0.2730178470788297
396 -0.10800109922181478 0.28922242332361914
397 -0.18919220593789843 0.2893047569660411
398 -0.2703427473870994 0.2893205200069988
399 -0.4326473682846552 0.2893177383347192
400 -0.3514828590781315 0.2893420629757062
401 -0.010389970015457106 0.29215206062719823
402 0.07073746953111626 0.29235761853564046
403 0.1518989245403357 0.29247500958739625
404 0.23309254988910078 0.29254263785346
405 0.3142287072070252 0.292602901567927
406 0.4765686829744388 0.29262949097302227
407 0.395398484488374 0.292618584215939
408 -0.06742056310749656 0.31263816222155316
409 -0.14860784460737658 0.3127192352192377
410 -0.22976252676929537 0.3127417296459649
411 -0.31090277257189436 0.3127752835558004
412 -0.3920490539238626 0.3127868117424184
413 0.030113027276714943 0.31572819736215374
414 0.11128374033213762 0.3158492849342842
415 0.1924507221806625 0.31596328034496823
416 0.27364394314169294 0.3160287138137787
417 0.3548145706631952 0.3160455109240008
418 0.4359824324261694 0.31605428827665505
419 -0.4765733945921431 0.31987032202258947
420 -0.026824323775483716 0.3360277117627609
421 -0.10799127992886015 0.3360745484896607
422 -0.18917750793441573 0.33615996022592376
423 -0.2703229269294851 0.33619674562783153
424 -0.35146962441664187 0.3362196832105767
425 -0.4326484887526333 0.3361714457080399
426 0.07066581983222575 0.33921798304042994
427 0.15183473241076473 0.3393355111168427
428 0.2330284746979887 0.3394022255559278
429 0.31422319954743816 0.3394639860463171
430 0.4765667118366844 0.3394903601317021
431 0.39539614054953587 0.339480340418601
432 -0.06740204018150175 0.35949206562320213
433 -0.22973856712805318 0.3596135656652254
434 -0.31088926781242415 0.35964086792074335
435 -0.3920337426280314 0.3596640254495551
436 0.014115280181013268 0.35978140843066153
437 -0.14866284832379145 0.3596944816950921
438 0.11107471969270566 0.3629964912114929
439 0.4359779662455716 0.36292350726375167
440 0.3547723627609216 0.3629559315546338
441 0.19244608414104714 0.36283542263804003
442 0.27457999752912576 0.36445085399463584
443 -0.47657326647432663 0.36672251382061916
444 -0.02666724064371112 0.3828783146695095
445 -0.10797334993125007 0.3829280819961193
446 -0.2703057088972505 0.383054949481182
447 -0.35145556294541125 0.3830864040382118
448 -0.43264848024829855 0.38302385969229336
449 0.05470197979228775 0.3832764428756936
450 -0.18922367095248688 0.38314991699397416
451 0.1518204296936675 0.38619590490152766
452 0.23310430424343787 0.3862634826421829
453 0.4765691263762959 0.3863522822764077
454 0.3953810227926534 0.3863426708099822
455 0.3151279882403134 0.3879439661839792
456 -0.06729575232782692 0.40634449463936606
457 -0.3108560168178618 0.40652772706529994
458 -0.3920269341381339 0.4065225845460968
459 0.014086589709282116 0.40665027983501
460 0.09590423679559268 0.40751106308398843
461 -0.14860083267941904 0.40657543576695443
462 -0.22979667538285176 0.40659949609659085
463 0.27115937676481094 0.4137999234650537
464 -0.4765730312359982 0.41357532284232423
465 0.35723604731465786 0.4155592594693509
466 0.18280794618061946 0.4213485492285699
467 0.44807475463750457 0.42355535849498127
468 -0.026696294681996136 0.42973166101911064
469 -0.10786595132486981 0.4297800886422569
470 -0.4326474692234224 0.42987666682339365
471 -0.3514397248571859 0.4299395539753025
472 0.05467747653739552 0.4301372001896018
473 0.13687095327377297 0.43060695777662117
474 -0.189208137007357 0.43000413713316277
475 -0.27034752942313633 0.43007305011396857
476 0.40211754361083174 0.4327171414880543
477 0.22823000437385277 0.43286973828553066
478 0.31319364762780244 0.4347662696632809
479 -0.06799358662416449 0.4552627863711013
480 0.017626226219786267 0.45882807232868184
481 -0.4755797586504009 0.46240735142765965
482 0.4765696783979476 0.46075796528307345
483 -0.15465750941346867 0.4616509971451547
484 -0.3837349227401036 0.46388557141051934
485 0.1067689581885447 0.4665204823535204
486 0.1988449793883139 0.4693723770417142
487 -0.24542510769716913 0.4697482419220447
488 0.3388030861285324 0.4740137334215252
489 -0.3386313436355609 0.4765731536571961
490 -0.29177805578707394 0.47657267653825053
491 -0.42883687165377576 0.4765739651198413
492 0.3855938430807291 0.47656943310424615
493 0.43245623087777973 0.4765687150971827
494 0.2920108562328777 0.47656874591959864
495 -0.1990709227724488 0.4765735538034559
496 -0.11024338863024385 0.4765738297409584
497 -0.02574384399988111 0.4765739930591677
498 0.060998568118162955 0.47656999723727955
499 0.1525394092914656 0.47656936955164186
500 0.2451498910592388 0.4765687005062649
